1.944111 3.958567 0
0.968586 3.936305 0
0.561737 4.921594 0
-1.977542 3.903302 0
0.460634 2.281242 1
-1.602082 1.088698 1
0.922276 1.687366 1
-1.142223 3.077778 0
-0.234591 1.121999 1
0.400749 0.416237 1
-0.748967 1.026862 1
-0.709059 3.507296 1
1.156863 1.999122 1
0.978405 1.838708 1
0.482994 4.238388 0
-1.964589 3.033881 0
0.557564 3.754997 1
-0.423851 1.399125 1
0.941273 1.998259 1
-1.758058 1.752383 0
1.423600 0.799824 1
0.272865 2.932345 1
-0.010248 3.913302 1
-1.191901 4.693952 0
-1.971759 4.011059 0
-1.911849 1.599092 0
-1.969663 1.723865 0
-1.914889 3.984000 0
0.978390 3.829394 0
-1.341833 1.826731 1
0.454225 0.866972 1
1.888490 1.264736 0
1.697575 1.830798 0
0.131089 3.298561 1
1.063246 2.966288 0
-1.959245 3.108558 0
1.012890 2.892025 0
-1.167277 1.253303 1
-0.555738 2.051027 1
-1.242196 1.840628 1
-1.150331 1.057443 1
0.751776 1.100007 1
0.225047 3.546109 1
-1.932795 1.504297 0
-0.099598 0.906715 1
0.664822 0.443284 1
-0.581050 3.191640 1
-0.633584 1.395656 1
-1.982050 4.371882 0
1.755374 3.851495 0
-0.129464 4.745161 0
-0.431957 1.104283 1
0.109749 3.000957 1
-0.113931 4.442513 0
-1.958414 3.304840 0
-0.973487 1.114069 1
1.489827 4.722862 0
-0.228740 2.143593 1
0.615177 2.298082 1
0.918311 0.644473 1
0.563838 1.978917 1
-1.129794 4.978485 0
-1.863555 2.795778 0
-0.900687 0.192994 1
-0.265872 1.068358 1
1.235592 4.505831 0
-1.349185 1.004543 1
-1.511909 3.450705 0
1.204400 2.967699 0
0.314575 4.057483 0
-0.981968 4.176360 0
-1.862759 0.634823 0
1.119378 2.385627 1
0.222733 2.168193 1
1.746967 1.426305 0
0.250133 2.888506 1
0.724178 3.900424 0
0.293593 3.575778 1
-0.643038 4.241132 0
1.015018 3.863862 0
-1.752408 2.813263 0
0.695754 1.123009 1
1.054244 3.979806 0
1.658972 2.823305 0
-0.441995 2.466933 1
-0.495370 3.220045 1
-0.685365 2.052339 1
1.083895 0.542516 1
1.550372 1.633285 0
0.168567 4.121674 0
0.447672 0.523375 1
-0.391855 1.464813 1
1.539039 4.877171 0
-1.967527 1.120001 0
1.294643 3.809364 0
1.987091 4.427793 0
-0.701899 3.353557 1
-1.559358 0.440432 1
-0.133309 0.124516 1
0.610989 4.280869 0
0.073160 0.144524 1
0.000731 4.234743 0
-0.242510 1.355783 1
1.821807 1.634828 0
0.391254 2.487967 1
-1.394798 1.048658 1
0.409074 2.766683 1
0.010777 2.435141 1
0.115083 2.554062 1
0.844114 1.762157 1
-0.909259 3.539006 0
-1.048040 2.986052 0
-0.485950 1.740752 1
0.741187 4.225926 0
-0.507785 1.690220 1
0.805436 4.456718 0
-0.532205 1.007709 1
0.953169 4.031606 0
-0.109206 3.468720 1
-1.466853 0.352560 1
-1.234650 1.422936 1
-0.879025 3.968029 0
1.351695 3.914690 0
-0.877464 1.833472 1
-0.824999 4.958313 0
0.876504 2.832177 1
0.797855 4.785580 0
-1.345417 0.389882 1
-0.778934 4.244713 0
1.692647 3.391601 0
-1.252054 3.122603 0
0.278656 2.769677 1
1.304250 1.539781 1
-0.558973 1.493805 1
-1.993200 2.467717 0
-0.522908 0.965188 1
1.112522 3.247584 0
1.946574 3.080271 0
-0.270182 1.336387 1
1.930994 3.631024 0
-0.964240 3.509372 0
-0.829439 4.792020 0
0.635962 2.281431 1
-1.854478 4.821284 0
-0.779085 4.797711 0
0.570308 2.461077 1
0.336251 1.061205 1
-1.815397 2.050626 0
0.080788 2.032037 1
0.835545 2.609486 1
1.599803 0.390796 1
0.859739 3.390406 0
0.910704 3.507891 0
-0.823459 0.800653 1
1.875422 1.384420 0
1.545342 1.138979 1
1.915033 0.894879 0
-1.255201 3.188744 0
0.541048 1.112901 1
0.408023 4.702453 0
-1.271511 1.222913 1
-0.269176 3.830925 1
-0.172705 2.394283 1
-1.294759 4.885104 0
1.541056 4.425983 0
-0.004328 3.926074 0
1.853423 1.069263 0
-0.146816 3.455158 1
1.661723 3.787156 0
1.404649 4.421432 0
-1.862739 3.687488 0
-1.551671 0.065368 1
1.665894 1.491409 0
0.603289 2.758677 1
0.083448 1.264140 1
-0.031096 3.514921 1
-0.010357 4.624659 0
-0.123324 4.771171 0
-0.384846 3.227397 1
1.725020 1.445262 0
0.122704 2.150865 1
-1.702931 2.470158 0
0.576103 2.687816 1
-1.259747 2.797283 0
-0.820022 0.181128 1
-0.225028 1.646548 1
1.094893 2.779125 0
-0.630467 3.450984 1
1.416427 4.966027 0
-1.032272 1.874844 1
-1.015866 3.670790 0
-1.688189 3.717220 0
0.636359 2.735610 1
0.790713 0.314392 1
-1.229595 3.144667 0
-0.592276 3.616386 1
-1.763575 2.130990 0
-1.130764 3.515660 0
1.855045 2.011862 0
-0.949646 1.293778 1
-0.245608 3.531657 1
0.352261 1.061606 1
-0.951374 4.652242 0
1.610072 0.581317 1
1.694615 0.722250 1
-0.035072 0.848436 1
1.514432 2.845925 0
1.652525 2.688490 0
-1.534772 3.054048 0
0.402305 1.544541 1
-1.041028 4.762536 0
-1.871258 1.494246 0
-0.485179 1.247473 1
-1.992075 1.712332 0
0.607467 1.322849 1
0.404889 0.452324 1
1.883605 0.946437 0
-0.788856 1.165288 1
-1.521057 1.026520 1
-0.602716 0.216949 1
-0.600984 4.202765 0
-1.147692 1.141810 1
-0.361048 0.631041 1
1.064240 2.630224 1
0.948071 1.833181 1
1.339813 4.883804 0
-0.723427 4.335693 0
-0.897560 3.489243 0
-1.533467 1.387956 1
-1.838740 3.842500 0
0.168644 3.207686 1
1.435859 2.565310 0
1.323299 0.808753 1
0.984479 4.752803 0
-0.531782 0.477203 1
1.975801 3.584043 0
1.743975 1.035137 1
1.780682 1.728658 0
-0.667058 3.556152 1
1.487106 0.351267 1
-1.688534 3.533648 0
-1.811943 1.985049 0
0.295473 1.613120 1
-1.620566 3.452508 0
0.400861 0.675868 1
-0.163994 0.711881 1
1.106843 1.589831 1
0.621753 3.037678 1
-0.081132 2.007790 1
0.232384 4.233858 0
-0.012005 2.760232 1
0.254320 2.164962 1
1.036295 2.543753 1
1.114896 0.461546 1
-1.120076 3.252502 0
-1.349749 1.489237 1
-0.571079 1.047884 1
0.779429 4.655492 0
0.128804 3.948579 0
0.486400 0.662081 1
1.699558 0.403007 1
-0.900830 3.508001 0
-0.405729 4.651153 0
-0.763457 4.391423 0
-0.672845 4.336159 0
0.900225 4.143937 0
-0.322887 1.443181 1
-0.952881 0.891760 1
1.189547 0.202518 1
-0.917355 0.086838 1
0.764016 2.166120 1
-0.739140 0.241171 1
0.571203 0.050362 1
1.917331 0.875009 0
1.199153 3.004663 0
-0.770328 3.623389 0
0.726137 2.911052 1
-0.294888 0.400509 1
0.049764 3.677069 1
1.833546 4.221148 0
0.410583 3.417214 1
0.692068 0.109620 1
1.888316 4.673983 0
-1.198896 3.847328 0
1.901201 2.354686 0
1.147333 3.331522 0
1.616645 0.510242 1
0.858154 2.734810 1
-1.551516 3.469356 0
0.887855 4.559546 0
-0.820784 0.146909 1
0.546348 4.881690 0
0.446369 0.314325 1
-1.774240 0.620166 1
1.193115 0.074132 1
1.873051 2.004621 0
0.793077 3.206399 1
-0.308607 3.351740 1
0.304305 3.115621 1
-0.240745 2.756883 1
-1.623754 1.133236 1
-1.129276 4.991113 0
-0.685218 4.661097 0
0.180739 2.204083 1
0.504363 1.335743 1
-0.589097 4.604473 0
-0.813878 4.946564 0
1.588930 4.540613 0
-1.791289 4.768363 0
-1.871377 4.252282 0
1.873996 0.002092 1
-0.994477 3.333841 0
0.566793 3.371145 1
-0.651535 1.088873 1
-0.810588 3.884650 0
1.076604 1.957073 1
-1.985692 4.934160 0
-0.441451 1.661364 1
1.676206 4.674110 0
1.092357 2.725711 0
-1.192118 0.629076 1
-0.135853 2.492505 1
-1.539488 1.816347 0
-0.373506 0.836528 1
-0.732232 2.193895 1
-1.928952 1.427204 0
-0.243210 1.345714 1
1.808836 0.404479 1
1.773487 1.446626 0
-0.805319 1.203624 1
-1.734979 0.339107 1
0.528557 0.349161 1
-1.781386 0.108882 1
-0.391580 4.868524 0
1.826393 0.875971 1
0.075388 0.792844 1
-0.795962 4.924419 0
0.628279 2.080687 1
-0.607388 0.318466 1
0.333772 3.325475 1
0.009889 3.006025 1
1.802143 4.708349 0
1.481391 4.513724 0
-1.909738 4.068598 0
-1.231720 1.606180 1
-1.782223 1.291625 0
-0.443771 3.432918 1
-0.687371 2.218554 1
0.833440 3.651312 0
-0.330337 3.324792 1
1.621826 4.681314 0
1.294109 1.032330 1
1.684586 2.402985 0
0.490413 1.346498 1
0.177161 1.030232 1
1.737578 0.233813 1
1.229006 4.424652 0
1.953730 3.387996 0
1.150701 0.054990 1
-0.034725 4.898726 0
-0.671064 2.728815 1
-1.047719 3.606457 0
-1.070614 2.831138 0
-1.339991 4.703533 0
-0.814040 2.912089 1
0.422660 1.009733 1
0.074722 2.145961 1
-0.366350 2.199135 1
1.639157 0.155079 1
0.836506 2.270397 1
-1.051751 3.217606 0
0.003368 0.221568 1
0.113806 2.446372 1
0.887652 1.580634 1
0.001090 1.066158 1
-0.816512 4.162533 0
1.035979 2.669711 1
0.215191 4.956707 0
-1.599321 3.594000 0
1.728192 1.983299 0
-0.795129 2.688564 1
0.394425 4.099492 0
1.867620 0.035094 1
-0.961099 4.383471 0
-1.847861 4.844260 0
-0.676905 1.375484 1
0.449493 4.158079 0
-0.722358 0.704124 1
-0.716439 0.206617 1
-0.172194 4.105814 0
-0.981780 3.764117 0
0.614677 0.067749 1
-0.852937 1.037336 1
-1.980436 1.934678 0
1.705069 4.684695 0
1.134381 1.137425 1
-0.101393 1.911008 1
-1.810467 2.207784 0
-0.443118 1.535544 1
-0.726996 2.136275 1
-0.896157 3.245123 0
0.809407 4.441669 0
-0.077438 0.108812 1
-1.883366 4.007653 0
-1.747657 2.430550 0
0.490774 1.588203 1
-1.044266 1.381813 1
-0.675239 2.628496 1
-0.064681 1.680407 1
1.650539 2.050485 0
-0.907919 3.481151 0
0.550328 3.738361 1
-1.686273 3.424827 0
-1.243084 2.338261 0
1.968296 2.537400 0
1.579629 1.340173 1
-1.373982 2.986295 0
-1.374526 3.185725 0
0.476085 0.927635 1
-0.245298 3.410535 1
0.686548 0.306845 1
1.998991 4.552853 0
-0.649073 1.654690 1
-0.254920 4.107808 0
0.668078 1.744524 1
-1.073366 4.700199 0
-1.819460 4.346203 0
0.750848 0.617834 1
0.216824 4.384704 0
0.364876 2.731400 1
-0.462317 2.430630 1
1.257258 2.704627 0
-1.666460 4.853416 0
-1.287719 3.512032 0
-1.375159 3.083730 0
-0.461946 4.139236 0
0.712460 1.921306 1
0.953672 0.079233 1
0.860797 0.873439 1
1.349633 1.911093 1
0.094371 0.345334 1
-0.710966 2.843638 1
1.753230 0.049852 1
0.769177 2.462566 1
1.547645 1.417566 1
-1.844827 1.356660 0
1.078557 4.265539 0
1.249029 4.265122 0
1.295164 4.951638 0
0.221724 4.900005 0
0.428294 4.699722 0
1.231393 1.425943 1
-0.703178 2.731331 1
-0.795859 0.197024 1
0.883817 0.692217 1
-0.313506 1.222734 1
-1.169959 3.719409 0
1.253098 0.729088 1
1.015409 2.527844 1
0.553324 3.203817 1
1.156328 3.385621 0
1.648382 2.793606 0
0.120928 3.621764 1
-0.353017 1.770114 1
0.858721 4.835883 0
-0.663905 1.608770 1
1.628484 0.709361 1
0.427770 1.156633 1
0.752554 4.539888 0
-0.917075 2.045463 1
-1.814316 3.461773 0
0.614558 1.269657 1
-0.255054 2.334569 1
-0.401004 0.950444 1
1.889931 0.190400 1
1.323409 3.807823 0
0.860817 3.714738 0
-0.718856 1.227180 1
-0.130798 3.660158 1
0.397835 0.909904 1
0.796833 4.667413 0
0.014939 3.031646 1
-1.698581 0.553386 1
1.350623 3.817466 0
-1.925381 0.541935 0
-1.309656 0.325380 1
1.202967 4.131127 0
-0.723971 1.184892 1
-0.827443 3.593782 0
-0.291732 1.328109 1
1.027346 1.289597 1
-1.891254 2.360203 0
-1.996532 1.737363 0
0.869907 2.340837 1
-1.681983 1.584677 0
0.600593 3.893563 0
-0.998327 0.769415 1
-0.459833 1.628865 1
-0.941759 1.113488 1
-1.642935 1.416075 0
-0.675661 1.309261 1
-0.606836 0.659132 1
-1.647690 3.336492 0
-0.524781 1.906084 1
-0.455781 3.979359 0
0.587354 0.714456 1
-1.784835 3.370126 0
0.459727 0.273291 1
-1.914009 1.662043 0
0.091303 0.505010 1
0.597376 0.864869 1
1.518858 4.498811 0
-0.692573 1.323781 1
-1.097859 2.957085 0
-0.050185 1.574007 1
1.498528 4.092693 0
0.306614 1.114615 1
1.801460 3.323656 0
1.560885 1.595849 0
-1.816209 1.381381 0
-1.539833 3.463932 0
-0.323331 0.844165 1
-0.532754 0.170496 1
-1.106035 1.941546 1
-0.533969 3.731584 1
-0.042755 0.079259 1
1.677163 1.845128 0
1.662456 1.230737 1
0.535128 0.705745 1
1.350258 0.606179 1
-0.176198 3.560982 1
1.759097 0.163021 1
1.740478 4.450697 0
0.789341 4.126704 0
-1.162763 3.716416 0
-1.593533 1.621755 0
-0.255722 2.603921 1
-0.027265 4.014406 0
0.219534 3.583375 1
-1.235238 4.606956 0
-0.148033 3.402508 1
1.748972 1.911412 0
-1.801891 4.264285 0
0.513720 3.416546 1
1.976024 2.329972 0
1.218180 2.249783 1
-1.287237 3.721597 0
-0.069757 0.566551 1
0.537835 0.899480 1
1.754604 4.218840 0
1.692716 0.201339 1
-1.327524 1.796243 1
0.244208 3.306514 1
-1.351481 0.579678 1
-0.488089 1.766601 1
-1.850693 4.204848 0
-1.864713 4.872849 0
-1.106992 0.416746 1
1.309707 4.258410 0
1.066634 4.107164 0
-0.729295 2.856017 1
-0.914443 2.479336 1
-0.737908 3.769750 0
0.436710 4.749909 0
1.735384 2.739142 0
1.174999 4.285126 0
0.352385 4.809344 0
-1.134905 0.745742 1
0.492687 1.892017 1
-0.939664 0.005748 1
0.926895 1.512054 1
1.368477 3.827727 0
-0.892077 0.326856 1
1.395578 0.522037 1
1.668213 3.077765 0
1.703361 1.173647 1
-1.252974 0.986147 1
0.922386 2.511397 1
1.804718 1.698870 0
-0.190956 4.425127 0
1.550409 1.230054 1
0.968202 2.378493 1
-1.168482 4.791622 0
0.499388 4.155256 0
-0.653089 4.449656 0
1.328803 0.342257 1
-1.230632 3.371599 0
1.335988 2.346613 0
0.958764 3.414457 0
0.294920 3.283721 1
-0.806222 2.497851 1
1.565894 2.426004 0
0.787199 3.110351 1
1.949921 3.239896 0
1.847376 2.198706 0
0.132018 4.247232 0
0.743008 1.375276 1
-0.699419 4.468158 0
-1.066482 4.749961 0
0.898731 2.850537 1
1.359693 2.784418 0
0.554235 0.161327 1
-1.075187 2.362779 1
0.006352 4.854472 0
-1.378211 0.376590 1
0.510554 2.269458 1
0.299553 2.595561 1
1.756370 1.358439 0
-1.435271 4.632864 0
1.678668 0.515132 1
-0.534744 2.263358 1
1.809891 0.260330 1
0.910907 1.388090 1
1.782791 4.805531 0
-1.089559 3.351902 0
0.124854 0.337668 1
-1.090944 0.848862 1
-1.600804 2.292337 0
0.569312 3.006934 1
-0.282553 3.988876 0
0.706820 0.285001 1
-0.993332 1.257965 1
0.304450 0.953797 1
0.093124 3.586474 1
-1.530672 2.214740 0
1.281284 2.418230 0
1.582478 3.863970 0
0.142848 3.116731 1
-1.798352 2.407049 0
0.337810 1.390110 1
-1.392839 0.578330 1
-0.617778 1.895271 1
-0.858246 2.226773 1
1.350086 4.638833 0
-1.813034 1.334416 0
0.902167 3.617231 0
-0.704466 4.886044 0
1.900158 4.499980 0
-1.328127 2.491602 0
0.469163 1.426501 1
1.765073 2.188059 0
1.075785 4.184439 0
-1.158377 1.523292 1
-0.159064 1.304088 1
1.144273 0.223432 1
0.155359 4.689292 0
-1.358590 4.421977 0
-0.732350 2.228955 1
-0.681001 0.772170 1
-0.505770 1.882456 1
-0.314732 0.495497 1
-1.600250 3.726003 0
-1.694768 0.374884 1
0.580786 1.221381 1
0.293189 1.312436 1
0.118306 2.572827 1
0.800396 1.492614 1
-0.594187 4.552524 0
0.412725 4.058435 0
-1.314711 1.946247 1
1.425494 3.550810 0
-0.691569 0.083630 1
0.378229 3.220101 1
-0.149932 4.621536 0
1.193816 4.180373 0
-0.796806 1.098856 1
1.740696 2.003680 0
1.859887 0.057410 1
-0.097149 3.050841 1
-0.976967 0.245050 1
1.490622 3.926674 0
0.254302 2.863772 1
-1.664570 4.575143 0
-0.066963 3.435194 1
0.906863 3.272908 0
-1.694847 2.915446 0
-0.541026 2.016979 1
0.399261 4.796505 0
-1.810336 0.311661 1
1.534433 4.229351 0
1.593627 0.922033 1
-1.737435 4.167903 0
0.340570 0.153066 1
1.380251 0.304276 1
0.563126 0.504104 1
-1.560539 2.567184 0
1.544622 3.367204 0
-1.655235 4.850066 0
0.353877 2.847253 1
0.628208 1.575925 1
-1.103872 3.666700 0
1.593097 2.943878 0
-1.453056 2.490447 0
0.192306 0.920760 1
0.241686 2.158424 1
-1.879911 2.294142 0
0.464365 0.478318 1
-0.830364 1.006169 1
-1.494893 0.687358 1
-0.951644 3.835291 0
-1.046830 1.859772 1
-0.878020 0.622241 1
-1.818420 1.833432 0
-1.622155 3.169322 0
1.744548 3.757566 0
1.796198 0.800845 1
-0.060587 4.236618 0
0.995778 3.107946 0
-0.618348 1.485106 1
1.222965 4.529173 0
0.914824 4.178817 0
-0.541348 1.723986 1
1.725707 3.285359 0
0.184124 0.288518 1
1.178174 4.040600 0
1.299047 0.164180 1
-1.279703 0.526284 1
-1.370864 1.127347 1
-0.112228 1.258727 1
1.437335 2.040400 0
-1.986966 4.041916 0
0.272996 2.440558 1
0.622828 1.585967 1
-1.561197 0.005600 1
0.456859 4.577210 0
1.627818 1.714603 0
1.004821 1.358087 1
0.750871 3.413161 1
1.714757 1.168743 1
0.961343 3.616164 0
-1.832526 2.825487 0
1.024275 1.109714 1
0.681416 4.566765 0
-0.210351 0.711486 1
-1.339607 1.533730 1
0.201508 0.841784 1
-1.539483 0.593130 1
0.625874 3.854181 0
-0.256722 3.830846 1
1.087825 0.250170 1
0.726445 3.394553 1
-0.428181 2.164082 1
1.802112 0.403362 1
-1.538206 4.396087 0
-0.742316 4.278921 0
0.409801 1.781448 1
-0.316474 1.792595 1
0.312930 0.456178 1
-0.912513 0.128224 1
-1.065869 2.184851 1
-0.670437 3.919549 0
0.421308 2.237600 1
1.610143 1.308977 1
-1.126575 1.691776 1
-1.888141 4.951562 0
-0.446443 3.547879 1
0.676893 3.906720 0
-1.430431 3.098756 0
1.448066 1.289204 1
-0.004125 0.882188 1
-1.545500 0.507094 1
0.130909 2.672533 1
-0.160249 0.554799 1
0.502969 3.659048 1
-1.453582 4.296376 0
-1.324881 2.344976 0
0.572740 3.870534 0
1.666061 2.728604 0
-1.856392 0.674358 0
1.536304 0.319334 1
-1.499264 1.362327 1
1.093770 3.972036 0
-1.784762 4.579174 0
-0.343366 4.579129 0
-1.305297 4.565636 0
-1.630946 1.436504 0
-1.941816 3.124953 0
1.287230 2.372419 0
0.943802 2.237750 1
-1.174826 4.362775 0
-0.772700 1.875366 1
-0.633799 4.750051 0
-1.403280 1.290328 1
-0.017076 0.925410 1
-0.428251 1.899035 1
-1.004205 2.590606 1
0.609090 0.111957 1
-0.749886 3.530409 1
1.752905 3.633434 0
0.487630 0.559510 1
0.559256 3.570855 1
-0.403188 3.271800 1
-0.643354 1.105052 1
-1.484625 0.375560 1
0.674242 1.675686 1
1.790668 4.876927 0
0.840842 1.446086 1
1.701582 4.296952 0
0.189131 2.105633 1
-1.822110 4.701100 0
1.203734 1.467107 1
-0.166635 2.266030 1
-0.736749 3.854348 0
-1.362849 1.270196 1
-0.009774 3.905977 1
-0.536235 0.686852 1
-0.018535 3.825721 1
1.166921 4.172640 0
1.944618 4.602870 0
1.638560 3.273575 0
-0.977156 4.286535 0
0.520402 4.829607 0
-1.413903 2.777480 0
1.301248 3.469035 0
1.906490 4.348922 0
0.536108 3.887781 0
-1.347177 0.461841 1
-1.076952 2.395092 1
1.452951 1.950249 0
0.932230 1.803971 1
-1.315019 0.494994 1
-0.007342 3.333058 1
1.456571 1.449475 1
0.004558 4.251487 0
-1.158124 2.053897 1
0.020050 2.330900 1
-0.927654 0.675565 1
-0.271594 2.073053 1
0.762436 1.287067 1
-1.566330 3.336158 0
-1.491209 3.712223 0
-0.220849 1.452017 1
1.339251 3.377749 0
1.077687 3.490252 0
-1.737602 2.512397 0
-1.764622 1.184224 0
0.405913 2.785046 1
1.613825 2.328105 0
1.387617 2.022979 0
-0.736326 0.286865 1
1.261501 4.104655 0
0.094213 0.417309 1
1.824175 4.778273 0
-0.007711 3.233264 1
-1.147728 3.032450 0
-0.744463 1.701329 1
-0.604262 3.793360 1
0.522677 0.918736 1
-0.263113 2.000456 1
1.527190 2.499107 0
1.610282 4.703211 0
0.946665 2.520244 1
-0.009395 3.200612 1
1.878679 1.722778 0
-1.821127 1.427941 0
-0.392286 4.300467 0
-1.573924 4.627409 0
1.774221 0.312814 1
1.524546 2.208137 0
0.836863 0.471023 1
-1.807530 0.115500 1
-0.262118 1.985260 1
1.127088 0.325699 1
0.323196 1.079969 1
-0.139076 2.312983 1
0.863261 1.839008 1
-0.387045 2.262407 1
1.487401 4.504451 0
-1.629585 4.207600 0
-1.018217 0.686610 1
-1.491568 3.236871 0
1.989662 1.168136 0
0.291424 4.704853 0
-0.815240 2.269962 1
-0.469608 0.027029 1
0.192788 2.153578 1
-1.885977 4.913337 0
1.311070 4.051388 0
-1.808771 2.042832 0
-1.894914 2.565191 0
1.484652 3.710433 0
1.523359 1.372009 1
-1.221728 3.763450 0
-1.298832 1.435859 1
0.376840 2.103688 1
-0.302025 3.606590 1
-1.727553 2.109546 0
1.819781 3.204839 0
-0.548481 1.255676 1
-1.620159 3.727389 0
-0.973836 3.215786 0
-1.295227 1.425233 1
0.503299 0.019803 1
-1.618703 3.368160 0
-0.349891 0.607979 1
-1.253320 1.418451 1
1.454730 0.337549 1
0.232368 0.291253 1
1.280799 3.666919 0
-0.618311 2.072048 1
-1.383514 3.849580 0
-1.457090 1.111166 1
-1.232700 0.453364 1
1.452804 2.773524 0
-0.632768 4.790806 0
-0.799270 2.991745 1
0.405274 2.381879 1
1.533583 1.135716 1
-0.078654 4.893600 0
1.603101 4.464318 0
-1.598736 0.437226 1
-1.293785 4.819992 0
-1.380180 3.673229 0
-1.911004 4.875773 0
-0.127881 1.838356 1
-0.441743 3.110755 1
-1.449651 2.626459 0
1.377537 1.647061 1
0.463858 3.537927 1
1.536468 4.788864 0
0.662986 0.921498 1
0.224487 1.335326 1
0.642701 2.197588 1
-0.023167 0.705059 1
-0.327050 1.974917 1
-1.864499 2.592768 0
-0.070285 1.052146 1
-0.069792 3.186918 1
1.780300 2.524005 0
0.450153 2.065523 1
1.489888 0.010511 1
-1.858977 0.050296 1
0.109576 4.398200 0
-0.642114 0.716793 1
0.348901 1.117943 1
-1.595474 1.264859 1
-0.368448 3.286266 1
0.080148 0.342817 1
-1.612917 0.071227 1
-1.161699 2.575041 0
-0.363085 1.217253 1
-1.865753 4.458287 0
-0.184481 2.580569 1
0.116164 1.994773 1
-1.916342 0.707896 0
1.248237 4.466934 0
-1.425274 4.236574 0
1.613784 3.355378 0
0.907819 1.214588 1
1.257737 1.570900 1
-0.133975 4.577828 0
0.268608 4.371972 0
0.291275 0.435944 1
1.771831 3.347947 0
-1.594263 0.762665 1
-1.261609 2.553315 0
-0.416066 1.090798 1
-0.390718 4.249316 0
0.937093 4.656808 0
-1.004729 3.775939 0
-1.708237 0.304384 1
0.594299 1.083111 1
1.632766 2.760103 0
1.550791 3.175732 0
1.179753 3.510660 0
1.797306 1.307222 0
0.470790 2.582392 1
-1.456645 0.952582 1
0.414669 0.393982 1
1.440423 3.525507 0
-1.074682 0.223518 1
-1.136942 3.136564 0
-0.948548 3.090425 0
-0.091296 4.985682 0
0.197786 3.629968 1
1.009297 3.111936 0
1.147482 2.004494 1
1.356038 3.475311 0
1.811678 3.633536 0
-0.679166 3.739289 0
-0.284644 1.397675 1
-1.962791 0.232683 1
1.184053 0.725705 1
-1.051788 1.998403 1
-1.104250 0.485794 1
-1.580872 2.276335 0
-1.432551 1.602733 1
-1.669681 2.023627 0
1.754527 2.798779 0
-0.392553 2.440391 1
-0.857002 0.770931 1
-1.558138 0.363100 1
0.220340 4.747375 0
1.070728 2.540023 1
0.704728 0.489453 1
-0.976550 0.525106 1
-0.490298 1.325823 1
-1.393769 0.867194 1
-0.358777 1.943053 1
0.292478 3.171216 1
-0.056922 3.389508 1
-1.641960 3.138159 0
1.993793 0.860450 0
-1.870571 4.685399 0
0.927383 2.171095 1
-0.299368 0.087976 1
0.353621 2.678118 1
-1.639140 0.717451 1
-0.059606 4.289486 0
0.605979 0.806402 1
1.823151 4.536786 0
-0.934794 1.666066 1
-1.309913 2.089296 1
0.026609 2.914138 1
1.225880 0.398858 1
-1.131717 1.461197 1
1.030693 1.532904 1
1.679484 3.780607 0
-0.085317 4.761142 0
0.772805 1.052582 1
-0.454210 0.591796 1
-1.087554 4.874263 0
0.615931 1.591633 1
-1.526629 0.695406 1
-1.295105 3.849188 0
-0.798553 0.660058 1
0.708779 2.833316 1
-0.139101 4.248583 0
1.938090 4.859385 0
-0.269823 3.954962 0
-1.793406 3.248074 0
-1.667073 4.046609 0
1.824782 0.015515 1
0.261772 2.174332 1
1.821325 1.293222 0
0.581531 1.708893 1
-0.491986 4.367471 0
-0.733475 0.154932 1
-1.232716 2.174871 1
-1.319730 1.840224 1
-1.180753 2.352146 1
0.000225 4.410033 0
-1.851631 4.826406 0
0.926893 0.108074 1
1.748632 0.821337 1
1.250429 4.944033 0
1.255529 4.479196 0
1.192514 3.850389 0
1.595768 1.817858 0
-1.180224 4.271366 0
0.488863 4.251634 0
-1.215792 4.996097 0
0.895284 2.563416 1
-1.879177 4.578210 0
1.790630 1.001366 1
-0.865253 0.762346 1
0.682809 3.918715 0
-1.862097 3.538974 0
0.996097 3.830995 0
0.917638 3.430912 0
1.721865 2.710085 0
0.699956 3.721742 0
-0.248576 2.365587 1
0.057705 1.683991 1
1.346756 3.596851 0
-1.235714 2.294524 1
0.278788 1.935617 1
-0.167504 1.467591 1
1.599227 2.441649 0
-1.163360 4.237320 0
0.754412 2.464234 1
1.999733 1.796526 0
-0.893641 0.172044 1
-1.731600 0.128070 1
1.202431 3.982548 0
0.847185 3.655370 0
-0.645894 1.933927 1
-0.098310 3.881913 1
1.439611 4.949243 0
-1.547277 3.482958 0
0.836875 1.521261 1
-1.378014 1.394580 1
0.765502 3.068102 1
0.289736 2.955911 1
-1.592199 3.907971 0
-0.245415 3.952766 0
-0.902236 2.192897 1
-1.400566 2.755154 0
-0.108047 1.084792 1
0.306579 1.367980 1
-1.946128 1.442206 0
-1.981320 1.759973 0
0.700906 2.400463 1
-1.486491 2.675646 0
-0.120235 1.207789 1
-1.073116 0.895800 1
0.183240 1.936087 1
-0.167696 1.185928 1
-1.996649 0.152550 1
1.313471 0.513940 1
1.248416 1.335070 1
1.573365 0.432725 1
0.822373 0.215998 1
0.550303 0.892908 1
-0.959368 1.071102 1
-0.191289 1.368130 1
0.010646 2.284239 1
0.502483 0.889440 1
1.747761 3.769989 0
0.852069 2.034407 1
1.982223 4.723691 0
0.344166 2.706828 1
-0.672178 0.220587 1
1.114205 1.663967 1
-1.701491 3.034595 0
-0.257674 4.433656 0
1.495731 1.644613 1
1.893105 2.897631 0
-0.511511 3.054259 1
1.032431 3.161401 0
1.300289 1.051427 1
1.623625 1.638669 0
0.668533 2.657635 1
0.022488 3.020368 1
-0.857901 1.093196 1
-1.956180 1.405402 0
-1.346490 2.984982 0
1.289784 2.476666 0
0.564455 3.004987 1
1.312506 3.578705 0
-1.168335 1.318540 1
0.409889 0.409246 1
0.370522 2.878742 1
0.645501 4.823763 0
-1.253599 2.097416 1
0.388132 0.058362 1
0.519074 2.514696 1
-0.642375 1.484509 1
-1.862135 4.225141 0
1.603902 1.599955 0
-1.745330 4.559652 0
0.404286 1.135225 1
0.035708 2.117587 1
0.889513 0.750204 1
-1.901941 2.752524 0
1.463127 1.162155 1
1.256851 2.341270 0
-0.742879 2.034216 1
-1.823991 4.878277 0
-0.513616 1.153013 1
-0.419446 4.843144 0
-1.030900 0.124536 1
-0.113728 2.908406 1
-0.712764 2.530171 1
-0.293163 1.113922 1
1.304101 2.451884 0
-1.461140 2.135483 0
0.869687 3.218209 0
1.402456 2.199000 0
1.174731 4.375644 0
1.961219 3.297322 0
-1.569760 4.022587 0
-1.489127 2.109200 0
-1.154557 0.858603 1
-0.410018 2.914783 1
-0.390707 3.963171 0
0.206341 3.222991 1
1.270165 0.115767 1
-1.094883 0.696752 1
0.116750 3.264944 1
-0.551461 1.776064 1
-1.426538 2.484249 0
1.129238 4.303937 0
-1.438033 3.164617 0
-0.797651 4.670872 0
0.032209 1.454460 1
0.374555 3.078061 1
-1.618362 3.606785 0
-1.850191 1.533851 0
1.572311 2.174739 0
1.558907 1.477005 1
-1.089672 2.206560 1
1.759997 0.225617 1
-0.142138 0.831393 1
-1.262105 4.968265 0
1.277069 2.733044 0
-0.604537 4.813164 0
-1.826166 0.655876 1
1.293680 0.919751 1
1.056395 0.620037 1
-1.527502 1.360755 1
-0.340402 3.558817 1
1.551053 2.551545 0
-0.267518 4.626078 0
1.268317 1.630991 1
-0.559346 3.534030 1
0.486397 2.938727 1
-1.407528 2.807991 0
0.531476 3.062917 1
0.911507 4.086714 0
0.424945 2.735720 1
-0.544194 4.775511 0
0.039107 2.037050 1
-1.654891 1.665984 0
0.365441 4.251880 0
-0.171183 3.547424 1
-1.509892 4.360519 0
-0.315007 0.051451 1
-0.470348 4.271843 0
1.742023 0.997461 1
-1.277733 1.478346 1
1.625192 4.010829 0
1.533659 0.272080 1
-0.544944 2.581418 1
0.667997 0.458204 1
-0.665495 1.366178 1
0.555140 3.487889 1
-1.086649 0.742809 1
-1.580049 1.573076 0
-0.072966 3.481740 1
-1.340035 4.694815 0
-0.376669 1.437591 1
1.244267 4.135405 0
-0.808766 0.967398 1
0.725798 1.166571 1
-0.428113 4.310081 0
0.115934 1.496349 1
0.656728 2.061991 1
-0.585257 0.139730 1
1.714727 0.103425 1
-1.521652 1.311540 1
-0.824317 3.791860 0
1.839543 2.611293 0
1.627734 0.324368 1
1.347495 1.943461 1
1.044886 0.009325 1
-0.689379 0.835272 1
-0.842467 0.693610 1
1.976542 2.935958 0
-0.671193 3.377925 1
1.282024 3.625867 0
0.150404 1.747447 1
-1.902227 1.008916 0
1.047551 1.890645 1
-1.081083 3.452847 0
-0.404744 1.746581 1
1.811510 3.463674 0
-1.569248 4.563817 0
-1.140027 0.073108 1
1.910548 0.259335 1
-0.386744 3.694293 1
-1.785073 3.654845 0
1.623652 1.715575 0
1.478764 4.500242 0
1.721227 1.009463 1
0.302533 3.754063 1
1.708264 0.566172 1
-1.598791 4.757547 0
-0.739930 4.310949 0
-0.681447 2.723733 1
0.211037 3.642262 1
1.576251 2.528183 0
-0.315252 0.008755 1
-0.326400 3.180902 1
-1.934510 1.980184 0
0.752189 2.098433 1
-1.460418 3.708895 0
-1.397378 0.204042 1
-1.660424 0.101733 1
1.763427 0.076004 1
-1.111043 2.582450 1
1.064054 0.746526 1
0.518898 4.331578 0
-1.596742 4.723710 0
0.914022 2.152264 1
-0.042045 1.406323 1
-1.364379 1.917758 1
1.147605 2.900461 0
-0.458790 1.026506 1
-1.134910 2.008375 1
0.405352 4.521599 0
1.285446 3.681167 0
0.584396 4.860085 0
1.108167 3.654965 0
1.969455 3.589493 0
0.984775 1.073014 1
-1.062446 2.561036 1
-0.544368 4.320565 0
-0.485909 2.323613 1
1.235420 0.535141 1
1.580702 1.491718 1
-0.446829 0.270403 1
0.727580 0.875970 1
0.536691 0.335988 1
-0.478019 4.252227 0
-0.124510 4.909166 0
1.019061 1.451171 1
0.872267 2.004321 1
-0.950995 2.475543 1
-1.472571 1.273074 1
-1.147972 4.390255 0
-0.123129 2.236978 1
-0.438967 4.165628 0
-0.753965 3.843905 0
-0.808607 0.601818 1
1.503237 0.965118 1
-0.325171 1.320510 1
-1.011583 0.503012 1
-0.242816 4.406385 0
-1.328801 4.098957 0
0.926890 3.183362 0
1.206498 2.432438 0
1.707626 2.598457 0
1.549407 0.945789 1
-1.940801 0.096045 1
-0.224909 1.139035 1
1.589040 4.564952 0
0.700810 1.437590 1
0.984464 4.933556 0
-1.774804 0.219822 1
-1.571701 4.660541 0
-1.052048 2.628910 1
-1.215159 2.420461 0
0.505537 3.177532 1
-0.538523 3.970921 1
-0.178809 0.485458 1
-0.276574 1.284611 1
0.334318 1.788816 1
1.106454 2.354656 1
0.187684 3.957067 0
-0.039439 4.953468 0
-1.923119 1.937000 0
1.614736 3.472114 0
0.699672 3.249000 1
0.724536 3.656086 0
0.775058 3.941044 0
0.653301 4.653762 0
-0.744037 4.297678 0
-0.340622 4.701875 0
-0.019832 3.901069 1
0.938237 4.751698 0
1.509222 0.827079 1
-1.170952 2.304424 1
0.092716 4.919377 0
1.727264 0.350500 1
1.101156 2.109781 1
-1.756826 3.972546 0
1.237425 4.822388 0
-0.044272 2.421372 1
0.457111 0.850331 1
-1.138034 1.540211 1
1.833100 4.394084 0
-1.044822 1.361329 1
0.953410 3.268195 0
-1.149437 1.166972 1
-0.264589 4.736000 0
-1.265064 1.555791 1
-1.549537 1.954980 0
1.088173 3.178974 0
-0.500514 3.519296 1
0.823579 0.750802 1
-1.496738 3.833441 0
1.778679 4.675859 0
0.924664 2.168009 1
-0.322215 1.727218 1
0.414671 3.174688 1
0.613943 2.809714 1
0.055018 4.461402 0
1.336834 1.260535 1
0.183677 0.234247 1
-0.057994 4.898861 0
1.976198 3.346178 0
-0.836278 0.533326 1
-1.759074 0.314868 1
0.969840 2.175516 1
1.067331 2.241773 1
0.341054 4.463241 0
-1.139829 2.649666 0
1.311280 4.731044 0
1.854140 1.236330 0
-0.833390 2.836014 1
1.528815 4.725692 0
-1.483418 1.979791 0
1.349675 4.816771 0
0.592261 1.916690 1
-1.959186 0.667834 0
-0.547559 0.021265 1
1.211209 3.270203 0
-1.556327 4.315170 0
0.868056 4.266890 0
-0.807452 2.419234 1
-0.793069 4.417003 0
-0.494020 2.583878 1
-0.346665 1.021575 1
-0.148063 1.884343 1
-0.193676 3.773184 1
1.776286 1.668924 0
0.799101 0.366085 1
0.918972 2.685969 1
-1.853715 1.889041 0
1.682127 0.233873 1
0.045499 1.418210 1
-1.795890 1.570886 0
1.750730 0.809729 1
-1.291156 3.273483 0
-1.938705 2.376741 0
-1.445826 1.585282 1
-0.565005 2.575192 1
1.335328 3.860412 0
0.877414 1.484082 1
-1.404196 0.854672 1
-1.794187 0.465113 1
0.018876 3.756142 1
-1.335042 1.172310 1
-0.846311 1.014053 1
0.449081 1.044770 1
-1.001659 0.618225 1
-0.029616 1.503064 1
-0.248711 2.151393 1
-0.149766 3.075167 1
-1.660099 2.389412 0
-1.638474 1.117594 1
1.179755 2.245651 1
0.954229 3.143854 0
-1.115150 2.289553 1
1.702348 1.850819 0
0.515380 4.885201 0
-0.147255 0.667821 1
0.913074 3.147129 0
-0.527895 0.083454 1
1.328946 4.901482 0
-1.097420 0.409109 1
-1.584234 3.591205 0
-0.470262 2.708819 1
-1.405921 4.224966 0
-1.372812 1.167475 1
-0.708498 1.235893 1
-0.171945 0.589072 1
0.785235 0.977855 1
0.986341 4.587606 0
0.613927 3.360861 1
-0.849260 1.411634 1
0.596850 3.754356 0
-0.336436 1.887405 1
-0.478812 3.919587 1
-0.423312 1.062667 1
1.056855 3.099084 0
-0.822579 4.340777 0
-0.647769 3.383949 1
-0.360323 2.432888 1
0.087132 2.833581 1
0.880290 4.223293 0
1.255579 0.885431 1
1.849892 2.551017 0
-0.509371 3.545290 1
-0.289101 0.130695 1
-0.475079 3.577048 1
-0.766137 0.152214 1
-0.134877 3.621785 1
-0.368304 4.232889 0
0.033097 4.010479 0
-1.763555 1.362440 0
-0.312349 1.767332 1
-1.437426 3.799853 0
-1.878976 2.752813 0
-1.013808 2.760195 1
-1.530885 4.833103 0
-0.413210 4.655868 0
-1.425173 1.795852 0
-0.234492 2.581820 1
-1.727086 4.345508 0
0.170012 2.247294 1
0.338045 4.254844 0
-0.080393 0.253960 1
0.301303 4.439128 0
1.589479 0.418000 1
0.759686 4.782405 0
-0.575648 0.559170 1
-0.760211 2.483657 1
1.487218 1.701017 1
-1.810824 0.591763 1
1.568969 0.822864 1
-1.660108 1.444699 0
-1.617015 1.143399 1
0.592441 2.685617 1
0.980175 3.581694 0
-0.375100 1.437734 1
-1.336809 4.953680 0
-1.445937 3.228497 0
-1.833888 3.569207 0
0.134100 4.694489 0
1.189766 1.117232 1
1.581515 0.767647 1
-0.658878 1.026630 1
0.601044 1.035425 1
0.182117 3.487775 1
-0.698250 2.188858 1
1.448511 2.052053 0
0.906846 4.789371 0
0.556362 1.874109 1
-0.020010 1.920672 1
-1.635357 4.506111 0
0.686725 1.284792 1
1.567833 4.050984 0
1.610632 4.667432 0
0.096153 2.180914 1
1.489537 1.607399 1
0.638517 3.838814 0
-0.099963 4.974548 0
1.892356 0.626351 1
-1.192022 2.593091 0
1.291300 2.637161 0
1.825560 3.424764 0
1.751371 3.415507 0
0.571308 2.884666 1
-1.768307 0.689122 1
1.844271 0.745421 1
-1.843814 3.163744 0
-0.375830 4.655025 0
-0.228217 1.543502 1
1.457965 4.834920 0
0.979533 3.684377 0
-0.846145 2.022562 1
0.018553 3.817365 1
-0.402312 2.388636 1
1.554973 3.007083 0
1.985382 3.557841 0
-1.484605 4.763677 0
-0.413916 0.333457 1
0.543347 0.196740 1
0.574499 3.468801 1
-1.291311 3.023462 0
1.371377 1.081094 1
-1.050235 1.244434 1
-1.411105 3.401935 0
0.230349 0.058576 1
0.589484 1.512353 1
0.994362 4.679174 0
0.827933 1.266144 1
0.797231 0.532026 1
0.923824 2.940255 1
0.831287 3.636508 0
-0.801523 4.183353 0
0.720147 3.480702 1
1.613448 1.579368 0
0.941953 2.734934 1
-1.961465 4.563303 0
-1.393283 4.262390 0
-1.484483 1.945602 0
-1.594540 1.380516 0
-1.721970 3.294761 0
-0.848727 3.584392 0
1.845691 0.182044 1
0.610853 3.342030 1
-0.841449 1.760106 1
1.099245 0.102969 1
1.760289 2.413165 0
0.991581 1.198457 1
-0.722786 2.139661 1
1.743327 1.113328 1
0.975223 3.356600 0
1.078610 3.767198 0
0.335922 4.606658 0
0.423670 3.564300 1
-0.758192 3.536412 1
1.955852 1.899798 0
-0.535061 1.383907 1
-1.612648 1.638288 0
-0.747239 3.747756 0
1.984254 3.014140 0
-1.593711 3.854374 0
0.493687 0.208223 1
-0.985969 1.856585 1
-0.874656 2.864057 1
1.196997 1.085839 1
1.181908 2.715275 0
1.553951 2.825647 0
-0.814022 2.362342 1
-0.054156 4.512060 0
-1.258687 3.984566 0
0.438778 0.871457 1
-1.292509 4.879645 0
-0.195709 1.368553 1
-0.785654 3.821315 0
-1.906953 1.498251 0
-0.531636 0.624171 1
-1.717901 4.952564 0
-1.334085 1.620163 1
-0.552681 2.239074 1
1.587376 0.805395 1
0.659931 3.461604 1
0.816535 2.767352 1
-0.970199 0.003141 1
-1.896244 3.719556 0
1.612161 1.056336 1
0.163298 2.563674 1
-0.457765 3.588485 1
-0.045345 4.183158 0
1.965631 3.961252 0
0.403579 0.073348 1
-1.632398 4.839929 0
-1.441985 0.812127 1
1.833994 1.529913 0
-0.054168 1.601642 1
1.015190 1.916510 1
-0.074371 2.093900 1
-1.697508 0.927706 1
1.889002 1.665366 0
-1.255322 4.990947 0
-1.692062 0.446049 1
-1.162173 3.089044 0
0.407778 2.975078 1
-0.657976 0.453041 1
-0.273411 1.634568 1
1.531434 0.162710 1
-0.633667 4.873796 0
-1.997889 2.405436 0
-1.451262 4.795131 0
1.148279 3.118213 0
-0.882582 2.704336 1
-1.972221 3.803809 0
1.838589 0.412838 1
1.785212 4.659489 0
-0.337437 0.662362 1
1.720349 2.463126 0
-1.113272 0.697720 1
-1.558264 4.118132 0
0.938239 2.229700 1
1.656939 0.831034 1
1.091415 3.985466 0
-1.205005 0.572185 1
1.087410 0.996382 1
0.382096 4.545185 0
-1.366790 1.912969 1
0.130719 2.188285 1
1.693844 2.698122 0
-1.206325 4.415541 0
0.488768 0.723609 1
1.260024 0.189163 1
-0.891224 3.725467 0
0.121831 2.494380 1
1.538550 3.204459 0
-0.709990 3.095985 1
-1.652673 1.183685 0
1.141615 4.298427 0
-1.864679 4.920763 0
1.896490 4.028414 0
-1.266284 2.848232 0
0.858879 1.708658 1
1.808961 1.236998 0
1.117555 4.378506 0
1.148095 4.889038 0
1.035238 2.046079 1
-1.509883 2.869077 0
-0.211806 1.998617 1
-0.724365 4.887531 0
1.594398 1.017731 1
0.473592 1.105509 1
1.290973 3.526148 0
-0.168644 3.040735 1
0.259660 2.458346 1
0.369199 2.695187 1
-0.810592 3.878643 0
-1.565264 0.060359 1
-1.530159 0.304621 1
-0.962114 4.484245 0
1.746501 0.232476 1
1.498626 3.477174 0
-0.177156 4.985929 0
-0.922999 4.513797 0
-0.412364 2.940794 1
1.521062 1.477542 1
1.166820 2.493317 0
0.066441 3.072241 1
-1.184428 4.872246 0
-1.109619 3.844041 0
-0.135526 4.074474 0
-0.768618 3.817353 0
0.362494 2.082647 1
1.102170 3.540419 0
-0.090186 0.175069 1
0.419731 2.070394 1
-1.673963 2.397946 0
-1.561946 2.686101 0
-0.092900 1.893819 1
-0.240082 4.368420 0
1.867690 1.601225 0
-1.323230 3.793138 0
1.275634 3.429014 0
-0.507697 0.114008 1
0.641009 2.978355 1
1.166439 0.631854 1
-0.357737 0.497276 1
1.559366 0.005946 1
0.063939 3.326920 1
0.837092 4.967191 0
0.801591 1.571028 1
-0.369932 3.909535 1
1.175179 2.585154 0
-0.723491 1.352848 1
1.583178 3.795533 0
-1.422985 4.313585 0
-1.682593 1.567231 0
0.485379 4.491301 0
1.996996 4.972102 0
1.684247 3.297506 0
0.360365 3.563358 1
1.143488 0.003285 1
1.248507 3.378567 0
-1.992615 1.640557 0
-0.635611 3.555596 1
-0.713801 0.207476 1
-1.898701 3.645334 0
1.293609 4.095597 0
-1.015610 0.712646 1
-1.641243 0.709460 1
1.606544 1.169714 1
-1.981564 4.904939 0
0.189556 3.129768 1
1.516992 2.733191 0
0.481496 4.001549 0
-1.175443 1.052327 1
0.051925 4.960057 0
-1.155510 1.625540 1
0.670899 1.064843 1
0.612878 0.044111 1
1.696351 4.873845 0
-1.798731 4.747063 0
0.815343 4.368597 0
1.074128 4.749667 0
-1.935005 4.291106 0
-1.632699 4.589424 0
-1.631344 0.482172 1
1.595490 3.197765 0
0.889552 3.890602 0
-1.255235 1.713811 1
0.313721 1.961653 1
0.212910 0.457058 1
-0.462632 3.821750 1
-0.333922 0.260333 1
1.909275 0.348695 1
-1.756445 4.507033 0
-1.821967 0.556031 1
1.403277 3.741720 0
1.939702 3.096756 0
0.793109 0.005872 1
-0.089710 3.950513 0
1.676236 2.848683 0
1.546148 4.089658 0
-1.162841 3.044626 0
0.384208 1.977404 1
1.806749 0.872411 1
1.151245 2.524574 1
-0.936425 0.860766 1
-0.922941 3.412067 0
-1.103120 1.232917 1
1.008610 1.425544 1
-1.408041 3.983303 0
-0.414741 4.994045 0
0.180018 1.906202 1
0.472641 1.216410 1
-0.470341 0.478664 1
-1.866461 1.507369 0
0.661877 4.599609 0
-1.522379 4.373795 0
0.115387 3.577287 1
-0.919041 2.402671 1
1.559758 0.290256 1
1.941796 0.779166 0
-1.079182 1.273568 1
1.352987 2.272122 0
0.005188 2.951996 1
0.958132 3.246434 0
-0.451761 0.679239 1
0.592383 4.660322 0
0.068353 1.331280 1
-1.298615 4.497515 0
-0.552045 1.043655 1
-1.196092 0.137290 1
-1.485389 1.601911 1
1.608868 3.287498 0
-1.856642 0.862283 0
-1.447865 4.628895 0
-1.077969 0.617413 1
-1.673550 2.303561 0
-0.487215 4.599295 0
1.660546 4.397466 0
0.041033 3.273348 1
0.115120 4.486590 0
1.162070 0.884379 1
1.317529 1.538028 1
-0.227473 0.023643 1
-1.171565 4.025603 0
-1.146162 2.040428 1
1.330314 1.710561 1
0.913871 3.673978 0
1.998448 3.821537 0
1.629009 0.688228 1
0.760346 0.688800 1
-0.955487 3.858494 0
0.393889 3.196623 1
0.766232 2.568043 1
0.075271 1.009081 1
-1.326887 0.237989 1
-1.603464 4.793978 0
-1.102106 4.642581 0
-0.934395 3.338027 0
1.732979 2.367550 0
-0.109096 0.733522 1
1.526383 1.526522 1
-0.044733 3.050318 1
-1.839600 2.442143 0
-0.502516 4.736761 0
0.504297 0.322287 1
-1.659551 4.436012 0
1.344625 3.417922 0
0.106108 2.638571 1
-1.211228 0.226724 1
0.918122 1.827357 1
-1.628230 4.143322 0
-0.702932 1.587081 1
1.028723 2.953341 0
1.940086 3.452128 0
-1.743287 2.288738 0
1.348520 4.728870 0
1.052208 1.629733 1
0.223350 4.015760 0
1.257501 4.651042 0
1.002017 2.202247 1
1.978663 4.178082 0
-0.689393 4.154111 0
0.076803 4.270895 0
-0.565854 3.581970 1
1.598095 0.440334 1
-1.672539 4.962332 0
1.666925 2.030661 0
-0.760470 3.369560 1
1.987202 1.474521 0
-0.542650 0.304893 1
1.010607 1.007337 1
-1.972990 2.578518 0
0.109656 2.812950 1
-0.724578 1.708945 1
-0.028806 0.346799 1
1.128954 2.437322 1
1.619905 0.549452 1
-0.726854 2.120885 1
1.856277 3.384115 0
-1.437716 4.317965 0
1.059559 1.112181 1
1.424237 3.408105 0
0.514273 0.829709 1
-0.577869 3.126843 1
-0.156616 3.599351 1
0.745389 1.067488 1
1.685351 3.465500 0
0.916805 2.243758 1
-0.977240 0.240284 1
1.162163 3.742443 0
-1.530333 2.863896 0
-1.056188 0.111964 1
0.730678 2.771197 1
-0.213720 3.233694 1
-1.075750 2.935704 0
0.041327 4.979761 0
1.238308 1.831955 1
0.710292 2.190726 1
0.129332 0.165530 1
-1.745944 4.965894 0
1.011905 3.749306 0
-1.173294 3.371570 0
-0.228155 4.679389 0
-1.507738 3.493257 0
1.935738 4.568031 0
-0.211440 0.506756 1
-0.054459 3.415465 1
-1.505024 0.845274 1
-1.050670 2.851570 0
1.263174 2.341974 0
-1.370181 1.630626 1
-0.142612 4.835159 0
0.770065 0.709600 1
-0.379292 1.124246 1
-1.299896 2.343454 0
-1.127888 4.640012 0
-1.125792 2.123523 1
0.409265 3.307567 1
-0.557671 3.626909 1
-0.559341 1.722584 1
0.555951 4.036523 0
-0.216528 0.626866 1
-0.038410 2.848061 1
-0.822288 3.638650 0
-1.440295 0.551107 1
-1.215501 1.486905 1
-0.254613 3.302359 1
-0.942349 0.644315 1
1.209567 3.347948 0
-0.585152 4.887089 0
-1.446878 2.858701 0
1.621681 1.784163 0
1.985779 2.538682 0
-1.926616 1.785135 0
-1.067527 1.892553 1
0.806175 4.360530 0
-1.256739 0.737060 1
1.989917 3.381064 0
0.868096 1.459536 1
-0.384229 4.284751 0
-0.391485 3.000338 1
-1.382675 4.192377 0
-0.957843 2.093719 1
1.869353 0.314656 1
-1.646667 1.605252 0
-1.838604 1.133069 0
1.571162 4.728847 0
0.333785 4.446176 0
-0.185977 3.008961 1
-1.014951 3.433120 0
1.921211 4.739030 0
0.234920 0.830590 1
-1.619128 2.781046 0
1.369324 4.061210 0
1.392466 1.231369 1
0.676769 1.251225 1
1.385365 4.117617 0
-1.645119 0.534403 1
-1.030931 0.280293 1
-1.320753 1.653003 1
-0.491564 1.050805 1
0.228857 1.349498 1
-1.376279 0.703303 1
-1.363461 3.047180 0
0.969811 2.026985 1
-0.815760 3.613777 0
-0.587188 4.273949 0
1.555494 2.242105 0
-0.356004 3.656022 1
-0.957348 1.295577 1
1.909913 4.649277 0
0.037442 4.119098 0
1.013515 2.990404 0
1.722801 4.978230 0
0.616558 0.502560 1
-0.695013 0.156243 1
-0.757308 4.417305 0
-0.795407 2.333016 1
-1.903514 2.301415 0
-1.695843 3.832872 0
1.462720 1.860496 0
-0.042681 1.094416 1
-1.092444 1.891017 1
0.669217 3.189441 1
-1.562369 4.639836 0
1.588015 0.434430 1
1.431290 2.031821 0
1.642822 3.056007 0
-1.982220 4.207028 0
0.427389 3.292923 1
1.767671 4.665470 0
0.759333 1.262954 1
1.266220 4.954907 0
0.876776 4.203383 0
-0.194943 3.976166 0
0.429003 1.584722 1
-1.330670 0.482903 1
0.143310 1.971108 1
-0.100864 1.015659 1
-1.871561 2.920958 0
-1.475604 4.645567 0
0.684310 4.944608 0
-0.658090 2.908915 1
0.400492 1.699613 1
-0.307245 1.034851 1
1.994028 1.825532 0
-1.439743 3.441701 0
0.470789 4.783096 0
0.717286 1.684456 1
1.189183 0.652930 1
-1.471502 2.022733 0
-0.209879 1.497285 1
0.004509 4.916790 0
0.774714 4.879556 0
-1.254041 3.628942 0
0.240411 1.587944 1
0.619607 1.155902 1
-0.773959 4.951896 0
1.251854 4.533166 0
-0.678793 1.180761 1
-1.545586 1.644045 0
0.405034 1.268338 1
-1.931403 1.094779 0
-1.158853 3.482354 0
0.223388 0.037912 1
1.308227 3.439857 0
-0.351484 1.372935 1
1.949714 4.566281 0
-0.968220 3.405535 0
1.556669 2.222174 0
-0.372419 2.246351 1
1.048094 0.308985 1
0.721802 0.342669 1
-1.791295 2.467070 0
1.900668 1.912391 0
0.918265 0.443852 1
0.845148 1.654124 1
-0.630248 3.642181 1
0.199122 2.763624 1
-0.300372 0.528138 1
0.241229 1.259818 1
1.174396 4.862181 0
0.106203 3.905137 1
1.542770 3.922479 0
-0.151463 3.874299 1
-1.084278 4.345148 0
-1.103480 4.954770 0
1.723306 4.522903 0
-1.762049 4.915014 0
-0.408021 0.173274 1
-0.538076 0.637805 1
-1.506299 0.383840 1
-0.166457 2.329317 1
1.220817 0.040831 1
-1.925647 1.150556 0
-1.544825 2.894478 0
-0.071700 4.536964 0
0.205327 0.043129 1
0.753681 2.185122 1
1.172486 0.752772 1
-1.152464 0.110260 1
-1.921664 2.180071 0
-1.947976 4.752053 0
-0.637621 0.362469 1
1.733654 3.692947 0
-1.571406 1.494473 0
1.464601 1.152869 1
-0.497350 1.622680 1
0.785749 0.904334 1
-0.669191 3.575127 1
-0.356087 2.232481 1
-0.824316 4.465266 0
-0.584444 4.226264 0
1.606715 0.211545 1
-0.870892 3.474001 0
-1.228546 2.470806 0
0.867409 1.062238 1
1.720701 3.649290 0
-1.348567 1.353850 1
1.209407 0.481359 1
-1.962562 4.547502 0
-0.419334 4.377549 0
-1.439703 3.854145 0
-1.199817 4.182557 0
1.806784 2.663741 0
0.206147 1.813370 1
1.916977 4.227289 0
-0.977092 1.665666 1
0.762842 0.787030 1
-0.498231 4.864938 0
1.408825 2.841529 0
-0.131404 2.845292 1
1.123014 1.986621 1
-0.804335 4.718059 0
0.672377 0.506341 1
-1.840465 3.387268 0
-1.956926 2.175250 0
0.211854 0.754213 1
-1.176484 3.765046 0
1.949416 0.787875 0
-0.856971 2.694454 1
0.080996 1.325008 1
-0.462606 3.879881 1
0.392539 0.375296 1
1.733528 4.867885 0
-1.807813 3.927941 0
0.167532 2.575979 1
-0.581414 1.613182 1
1.650080 3.267814 0
-0.935008 2.903071 1
1.019324 1.530658 1
-0.967728 3.827997 0
0.964727 4.055157 0
1.665768 4.735304 0
0.256162 4.518979 0
-1.581457 4.248989 0
-0.229254 3.124424 1
-1.540802 4.135176 0
-0.396556 3.564671 1
1.608377 1.671215 0
0.746045 4.750706 0
-1.520675 1.141971 1
-0.138652 2.372388 1
0.204122 1.889284 1
-1.487838 4.086393 0
1.833884 4.414357 0
-1.506359 1.082695 1
0.593883 4.322960 0
-1.889719 2.824563 0
1.246612 2.958054 0
-0.125166 4.581444 0
-0.234365 4.556975 0
0.164694 2.781041 1
0.953721 4.710173 0
-0.923430 3.202623 0
-0.894890 4.778269 0
0.362663 1.980543 1
-1.263808 0.280013 1
1.482345 3.675393 0
-0.264562 4.993134 0
0.209428 1.961653 1
1.525993 3.378837 0
0.435479 2.649845 1
0.161438 3.182200 1
-1.620474 1.760062 0
-1.087796 2.817950 0
-0.926795 3.347298 0
-0.100059 4.047374 0
-1.097329 1.067077 1
1.006037 2.474051 1
1.415760 0.138934 1
-0.198144 2.223029 1
-0.304418 3.172560 1
0.002434 1.472409 1
-0.521638 4.672340 0
-0.827566 4.609738 0
-0.692805 0.873034 1
0.390860 4.678342 0
0.818303 0.690372 1
0.288434 3.997286 0
-0.039653 4.000797 0
-0.547811 3.791940 1
-0.121524 4.190162 0
0.271451 3.476435 1
-1.794208 1.596860 0
-1.239611 4.526939 0
-0.611365 3.202806 1
-0.600025 3.855272 1
-0.899707 4.253010 0
-1.737855 3.223318 0
1.140280 1.793224 1
0.266445 0.559344 1
0.133007 0.821631 1
-1.809851 1.189137 0
-0.790397 3.098228 1
-1.850861 3.962438 0
-0.320780 2.001660 1
0.203502 4.447121 0
-1.046542 0.593691 1
0.338845 1.449061 1
-0.247559 3.874042 1
-1.219199 3.926345 0
-0.338522 2.725969 1
0.225294 3.452213 1
-0.416817 3.109298 1
-0.659575 0.904329 1
1.922018 4.508588 0
-0.829062 2.568781 1
-1.735824 1.701359 0
1.006334 1.842223 1
1.839669 3.944341 0
-1.356271 1.898612 1
-1.243199 3.559038 0
-0.923414 2.137823 1
1.322183 4.269289 0
0.869507 1.343280 1
0.514664 4.562885 0
-1.784300 0.220178 1
-0.168917 3.051242 1
0.937913 4.267833 0
-1.071568 0.347923 1
-1.862270 1.063063 0
1.885209 1.635836 0
0.905475 0.186731 1
0.669755 2.389762 1
-0.376836 3.136781 1
-0.932718 2.833616 1
-1.971685 2.280104 0
-0.885877 1.381126 1
1.534341 0.545383 1
-1.479668 3.004811 0
-0.489069 3.793746 1
0.054157 2.158288 1
1.211139 4.856550 0
-1.832376 2.686315 0
1.299506 1.370070 1
0.427391 4.296546 0
-0.053494 2.890750 1
-1.254095 1.064977 1
0.461985 4.269576 0
0.763791 0.106436 1
-0.074915 4.788842 0
0.352041 2.441750 1
-0.344844 4.332705 0
1.058301 1.486872 1
1.902471 4.473292 0
1.593346 1.766752 0
0.613630 2.059379 1
1.140032 2.280961 1
-0.467257 4.134570 0
1.973821 1.040311 0
-1.596288 3.001514 0
-1.730514 2.937773 0
-1.286189 1.269238 1
1.202200 3.969745 0
-1.568949 2.457488 0
1.260945 2.945170 0
-0.202936 2.016232 1
-1.690464 4.315275 0
-0.920850 4.209797 0
-1.358282 1.227026 1
0.946471 0.293830 1
0.395023 1.950126 1
-0.117433 1.918818 1
1.384869 4.269137 0
-1.157290 4.198362 0
-1.752441 1.558028 0
-0.240099 0.646306 1
1.596640 3.092141 0
-0.467565 3.498550 1
-0.350491 2.454358 1
-1.235170 1.138067 1
-1.680377 3.202368 0
0.523439 0.786449 1
0.014115 4.503237 0
1.996996 3.319791 0
-1.415790 3.679334 0
0.890897 3.724041 0
-1.496432 0.966830 1
-1.485712 4.860546 0
-1.811226 1.696247 0
1.247127 0.545416 1
0.603420 1.258786 1
-1.046623 2.750075 1
1.480741 3.107266 0
-1.001100 1.412813 1
-1.550701 2.204663 0
0.040704 0.961151 1
-1.674375 0.705179 1
-0.601920 2.924674 1
-1.833267 1.743846 0
-1.004428 0.938679 1
-1.661456 4.858085 0
1.730176 1.052640 1
-1.340068 0.305580 1
-1.269451 1.060882 1
-0.398539 4.972095 0
-0.714962 0.256102 1
-1.015296 2.798019 1
0.404942 0.581807 1
-1.275772 4.254802 0
-0.404304 1.466908 1
-0.832428 4.545499 0
-0.057552 1.866496 1
-1.799457 4.175660 0
1.832936 0.459094 1
-1.264396 1.035635 1
-0.881782 1.342685 1
-1.285024 1.060493 1
-0.083740 1.718635 1
-0.907142 3.308511 0
0.223614 3.367899 1
0.624484 4.385815 0
0.899201 4.511486 0
-0.252933 1.630178 1
-1.925366 3.089119 0
-1.292016 2.087913 1
1.644821 2.344445 0
-0.693270 1.984086 1
1.368753 1.884090 1
-1.072203 4.002111 0
-0.125453 2.079251 1
-1.969804 3.740956 0
0.737549 0.931465 1
1.841159 0.817260 1
0.120080 1.167521 1
1.300617 0.429617 1
1.628336 2.406376 0
1.852346 3.159421 0
-0.465710 1.999266 1
1.831679 2.011155 0
-1.929292 0.674579 0
1.279254 4.644412 0
0.415219 0.732480 1
-0.697202 2.229965 1
0.093256 2.788244 1
-1.014339 4.959754 0
1.893996 1.269822 0
0.960568 3.289431 0
-0.238970 3.502159 1
1.285353 4.851388 0
1.735744 3.232462 0
-1.775196 4.205101 0
-1.488929 0.096437 1
-0.108382 2.556700 1
-0.323438 2.154121 1
1.654284 2.184088 0
0.262960 3.666923 1
-0.537200 0.847724 1
1.519522 3.456997 0
0.462152 2.015973 1
-1.003807 4.309766 0
-0.419419 1.112736 1
-1.536330 0.676436 1
1.521733 2.780875 0
1.342876 3.508858 0
0.105810 3.848276 1
-0.606944 2.913267 1
0.442701 2.380158 1
0.407763 0.417899 1
1.949486 0.105407 1
0.057616 4.504714 0
-0.168404 0.400720 1
0.537309 4.117994 0
-1.001245 2.571040 1
0.059993 4.326134 0
1.669610 3.820233 0
0.908720 1.562738 1
1.946375 4.215488 0
-0.208660 4.335135 0
-0.402910 1.417770 1
0.275194 4.628625 0
-1.787163 4.585312 0
0.033514 3.319423 1
-0.427624 0.551596 1
0.989857 1.902328 1
-1.474397 1.309341 1
-0.874367 2.946498 1
-0.631951 4.578678 0
-0.348406 2.958506 1
-0.280225 4.639484 0
-0.172288 1.736730 1
0.767774 0.920540 1
0.639575 3.392686 1
-1.891178 0.538644 0
0.182257 2.132390 1
-0.434869 0.571814 1
-0.591188 2.222460 1
-1.874299 4.302907 0
-1.566494 2.122596 0
1.883603 4.279204 0
1.219939 0.511507 1
-1.529164 0.431966 1
0.766404 2.298607 1
-1.991485 0.522498 0
-1.794310 2.160362 0
-1.870414 2.541752 0
1.117674 3.621699 0
0.769834 2.196562 1
-0.388492 3.598319 1
0.188164 4.742206 0
-1.415433 4.691619 0
-1.748784 2.491724 0
-0.468737 0.471146 1
-0.564295 2.455961 1
0.074994 1.649134 1
-0.611868 1.618666 1
-0.271487 2.323711 1
-0.359495 0.618646 1
1.697854 2.061276 0
-1.087084 4.879430 0
1.377310 1.303127 1
-0.063054 3.118730 1
1.939861 0.883474 0
-1.747767 1.939212 0
1.585435 3.050497 0
-0.654866 0.212503 1
0.193693 1.995438 1
0.163381 4.656195 0
-0.026732 4.498857 0
-0.310276 0.060327 1
-1.081607 3.847321 0
-0.656806 3.308632 1
-1.063175 3.729625 0
1.141823 0.793349 1
-1.367280 0.068423 1
-1.461777 0.012538 1
-0.902760 3.093961 1
0.505015 1.296376 1
1.181949 3.446561 0
0.588470 3.459230 1
-0.802354 4.917006 0
0.937386 4.239174 0
-0.470045 1.375958 1
1.116294 4.379028 0
-1.300148 1.007524 1
1.551484 2.022806 0
1.883876 1.118348 0
-1.734849 1.025876 0
1.878378 4.258717 0
-0.544620 0.638874 1
1.461712 2.492004 0
-1.478870 0.698690 1
-1.531228 3.782681 0
-0.403947 4.563401 0
-0.216607 0.230654 1
0.418105 3.726299 1
-1.881872 1.694363 0
0.372378 2.060104 1
0.456257 1.860841 1
-0.848695 3.945137 0
0.294691 0.878487 1
-1.225645 2.723209 0
-0.402532 1.299382 1
0.999268 1.844808 1
-1.553521 0.568309 1
-0.013055 4.885239 0
0.448251 3.135094 1
-1.532857 3.646278 0
-0.465780 2.578995 1
0.567744 4.147016 0
0.247720 1.232310 1
0.298652 2.957309 1
0.341338 0.838787 1
-1.986070 0.996994 0
0.159702 1.456545 1
1.953705 0.567992 1
-0.131975 0.910074 1
0.632961 4.331867 0
-0.232435 2.040286 1
-1.058660 2.767555 1
0.086876 3.660357 1
0.122235 0.668908 1
-0.563640 3.236723 1
1.452149 3.713225 0
-1.347425 2.524866 0
0.288193 3.625368 1
1.005741 0.733556 1
-0.733858 1.683849 1
-0.742126 1.600090 1
0.144675 4.271971 0
0.445308 2.622975 1
1.871970 0.391667 1
0.826440 3.131164 1
1.778827 0.742506 1
-1.862840 0.900208 0
0.808049 2.780045 1
1.648452 1.162855 1
0.759163 1.356016 1
1.519663 2.764140 0
-1.944608 0.215297 1
-1.768795 2.929481 0
1.072532 4.046183 0
0.930429 0.423343 1
-1.415974 0.235380 1
-0.381254 3.410876 1
1.605880 0.080068 1
-1.172919 4.347313 0
-1.622612 4.566901 0
-0.017218 0.195269 1
-1.752474 2.649928 0
-1.123618 3.819468 0
-1.656022 0.656042 1
1.985858 3.878926 0
-0.390354 4.381901 0
-0.685547 2.081298 1
1.677759 1.932073 0
-1.991377 3.437863 0
-1.217395 3.673816 0
1.088965 1.708288 1
1.127356 0.884639 1
-1.904668 3.416546 0
-1.228235 1.153016 1
0.211087 1.436442 1
-1.424066 0.242337 1
-0.694632 1.029324 1
0.313811 2.727187 1
1.879034 3.322237 0
0.706583 4.831115 0
-0.239069 0.395287 1
1.370413 3.844230 0
-0.018732 3.810215 1
-1.378958 2.487364 0
-0.201537 1.754559 1
-1.071056 1.109284 1
0.770277 0.070376 1
-0.404862 3.582011 1
0.789537 2.958630 1
1.788022 1.250780 0
1.516057 0.454944 1
-0.805506 1.026781 1
-0.812585 4.385381 0
1.003175 1.333061 1
0.166094 2.137198 1
-1.068659 4.908781 0
0.025988 0.377193 1
1.002409 0.009070 1
1.349926 4.529313 0
-0.002853 1.435486 1
-0.972902 3.657614 0
0.035816 4.746719 0
0.982392 4.538693 0
0.662984 2.214911 1
-0.002142 3.063757 1
0.772553 1.892394 1
0.814961 4.958808 0
0.335340 0.002969 1
1.475351 1.673144 1
-0.931176 2.051807 1
1.048273 2.500206 1
-0.431529 1.342827 1
